0 0.500000 0.334513 0.148438 0.438824
0 0.739258 0.393503 0.173828 0.315090
0 0.720703 0.769020 0.226562 0.375518
1 0.750488 0.714347 0.071289 0.133805
1 0.785156 0.553925 0.292969 0.175529
1 0.434570 0.578384 0.158203 0.253223
1 0.315430 0.446737 0.130859 0.197111
1 0.261719 0.325881 0.093750 0.133805
1 0.341309 0.333074 0.096680 0.067622
1 0.242188 0.151790 0.046875 0.079132
1 0.330078 0.154667 0.070312 0.102152
1 0.273438 0.143157 0.031250 0.090642
0 0.369141 0.204305 0.082031 0.264733
0 0.415039 0.130208 0.041016 0.133805
0 0.296875 0.107188 0.023438 0.087765
0 0.279297 0.081290 0.019531 0.035969
0 0.347656 0.084168 0.031250 0.053234
0 0.325195 0.093520 0.017578 0.043163
0 0.624023 0.339549 0.130859 0.161142
1 0.615234 0.428033 0.125000 0.096397
