0 0.221680 0.747886 0.126953 0.462149
0 0.304688 0.742089 0.148438 0.510186
0 0.415527 0.762794 0.016602 0.054663
0 0.416992 0.623653 0.060547 0.180553
0 0.390625 0.559051 0.027344 0.071227
0 0.442383 0.559051 0.041016 0.097730
0 0.417969 0.605432 0.085938 0.342885
0 0.538086 0.578928 0.130859 0.342885
0 0.601562 0.540830 0.074219 0.332946
0 0.636719 0.501075 0.089844 0.326320
0 0.678711 0.449726 0.083984 0.230246
0 0.892578 0.395063 0.089844 0.240185
0 0.887695 0.504388 0.052734 0.114295
0 0.836914 0.617027 0.130859 0.193804
0 0.757812 0.636076 0.093750 0.212025
0 0.772949 0.888684 0.049805 0.154050
0 0.736328 0.751199 0.109375 0.256749
0 0.638672 0.830709 0.167969 0.336259
