0 0.4052734375 0.5173611109375 0.3916015625 0.5173611109375 0.388671875 0.5225694437499999 0.388671875 0.546875 0.39453125 0.5607638890625 0.392578125 0.574652778125 0.3798828125 0.597222221875 0.3720703125 0.6006944437499999 0.359375 0.6197916671875 0.3623046875 0.625 0.375 0.6267361109375 0.4052734375 0.621527778125 0.4208984375 0.6145833328125 0.423828125 0.609375 0.423828125 0.5885416671875 0.41796875 0.5677083328125 0.408203125 0.546875 0.408203125 0.5225694437499999 0.4052734375 0.5173611109375
0 0.3310546875 0.5 0.326171875 0.5086805562500001 0.328125 0.5295138890625 0.337890625 0.546875 0.341796875 0.5711805562500001 0.3525390625 0.59375 0.35546875 0.5920138890625 0.3564453125 0.5729166671875 0.3603515625 0.5729166671875 0.3701171875 0.590277778125 0.375 0.578125 0.3544921875 0.5381944437499999 0.341796875 0.5295138890625 0.33984375 0.5017361109375 0.3310546875 0.5
0 0.3271484375 0.5416666671875 0.322265625 0.550347221875 0.322265625 0.5607638890625 0.3046875 0.581597221875 0.30078125 0.612847221875 0.3115234375 0.6180555562500001 0.3173828125 0.6319444437499999 0.34375 0.6302083328125 0.35546875 0.6267361109375 0.357421875 0.6197916671875 0.35546875 0.605902778125 0.349609375 0.5850694437499999 0.337890625 0.5711805562500001 0.337890625 0.550347221875 0.3330078125 0.5416666671875 0.3271484375 0.5416666671875
0 0.26953125 0.5538194437499999 0.26953125 0.5711805562500001 0.26171875 0.5885416671875 0.263671875 0.6197916671875 0.2685546875 0.628472221875 0.28125 0.6302083328125 0.2890625 0.6267361109375 0.294921875 0.6024305562500001 0.28515625 0.581597221875 0.2890625 0.5677083328125 0.2890625 0.5538194437499999 0.2822265625 0.5416666671875 0.2744140625 0.5416666671875 0.26953125 0.5538194437499999
0 0.66796875 0.6545138890625 0.662109375 0.644097221875 0.6640625 0.609375 0.6513671875 0.6006944437499999 0.64453125 0.609375 0.6396484375 0.6319444437499999 0.6142578125 0.6354166671875 0.607421875 0.6197916671875 0.603515625 0.5989583328125 0.5966796875 0.590277778125 0.59375 0.5954861109375 0.59375 0.605902778125 0.599609375 0.6197916671875 0.599609375 0.6302083328125 0.60546875 0.6510416671875 0.6201171875 0.6666666671875 0.6240234375 0.6631944437499999 0.630859375 0.668402778125 0.630859375 0.6788194437499999 0.625 0.6822916671875 0.626953125 0.703125 0.62109375 0.7239583328125 0.623046875 0.7482638890625 0.6279296875 0.7569444437499999 0.6376953125 0.7638888890625 0.65625 0.765625 0.6640625 0.7482638890625 0.6640625 0.7170138890625 0.6669921875 0.715277778125 0.6728515625 0.7291666671875 0.67578125 0.7274305562500001 0.673828125 0.706597221875 0.666015625 0.699652778125 0.66796875 0.6545138890625
0 0.7451171875 0.65625 0.7392578125 0.659722221875 0.734375 0.671875 0.734375 0.7100694437499999 0.7412109375 0.715277778125 0.7421875 0.7204861109375 0.7294921875 0.7256944437499999 0.7119140625 0.7430555562500001 0.708984375 0.7552083328125 0.7119140625 0.7638888890625 0.724609375 0.7760416671875 0.7265625 0.8454861109375 0.7314453125 0.8506944437499999 0.751953125 0.8489583328125001 0.7607421875 0.847222221875 0.771484375 0.8350694437499999 0.7734375 0.734375 0.771484375 0.7239583328125 0.76171875 0.706597221875 0.76171875 0.675347221875 0.759765625 0.668402778125 0.7451171875 0.65625
0 0.708984375 0.734375 0.6982421875 0.722222221875 0.6826171875 0.722222221875 0.6796875 0.7274305562500001 0.677734375 0.734375 0.677734375 0.7760416671875 0.671875 0.7899305562500001 0.671875 0.8107638890625 0.6689453125 0.815972221875 0.6591796875 0.8194444437499999 0.6572265625 0.815972221875 0.6435546875 0.815972221875 0.62890625 0.828125 0.6318359375 0.8333333328125001 0.6416015625 0.8333333328125001 0.6435546875 0.8368055562500001 0.6708984375 0.8368055562500001 0.6767578125 0.8333333328125001 0.6845703125 0.847222221875 0.6923828125 0.8506944437499999 0.724609375 0.8489583328125001 0.7265625 0.8454861109375 0.7265625 0.828125 0.724609375 0.824652778125 0.72265625 0.7829861109375 0.708984375 0.765625 0.708984375 0.7482638890625 0.7109375 0.7447916671875 0.708984375 0.734375
0 0.5908203125 0.777777778125 0.583984375 0.769097221875 0.58203125 0.762152778125 0.58203125 0.730902778125 0.5908203125 0.7256944437499999 0.59765625 0.7135416671875 0.599609375 0.6892361109375 0.5888671875 0.6736111109375 0.5791015625 0.6736111109375 0.5703125 0.6822916671875 0.568359375 0.699652778125 0.5654296875 0.7048611109375 0.556640625 0.7100694437499999 0.5546875 0.734375 0.548828125 0.7447916671875 0.544921875 0.762152778125 0.54296875 0.7899305562500001 0.5517578125 0.7986111109375 0.5576171875 0.7986111109375 0.5849609375 0.815972221875 0.59765625 0.8142361109375 0.6015625 0.8072916671874999 0.607421875 0.7725694437499999 0.6162109375 0.7638888890625 0.619140625 0.7517361109375 0.6123046875 0.746527778125 0.6025390625 0.753472221875 0.6015625 0.762152778125 0.5908203125 0.777777778125
0 0.4150390625 0.6631944437499999 0.4052734375 0.6631944437499999 0.400390625 0.668402778125 0.400390625 0.6857638890625 0.3984375 0.6892361109375 0.400390625 0.7100694437499999 0.3876953125 0.722222221875 0.365234375 0.7552083328125 0.365234375 0.7760416671875 0.375 0.793402778125 0.38671875 0.831597221875 0.390625 0.831597221875 0.4267578125 0.8125 0.43359375 0.800347221875 0.43359375 0.769097221875 0.427734375 0.730902778125 0.419921875 0.7135416671875 0.421875 0.699652778125 0.419921875 0.668402778125 0.4150390625 0.6631944437499999
0 0.36328125 0.6822916671875 0.365234375 0.6649305562500001 0.3583984375 0.6458333328125 0.3525390625 0.6423611109375 0.34375 0.6545138890625 0.34375 0.671875 0.3359375 0.6927083328125 0.3359375 0.703125 0.32421875 0.7413194437499999 0.32421875 0.7517361109375 0.3212890625 0.7569444437499999 0.314453125 0.7586805562500001 0.314453125 0.765625 0.318359375 0.765625 0.3330078125 0.7569444437499999 0.3359375 0.7447916671875 0.3447265625 0.7326388890625 0.3564453125 0.7361111109375 0.3623046875 0.753472221875 0.37890625 0.730902778125 0.37890625 0.703125 0.36328125 0.6822916671875
0 0.3544921875 0.7361111109375 0.3427734375 0.7361111109375 0.3359375 0.7482638890625 0.3359375 0.7899305562500001 0.33203125 0.796875 0.333984375 0.8211805562500001 0.330078125 0.8489583328125001 0.34765625 0.8489583328125001 0.3759765625 0.84375 0.384765625 0.8350694437499999 0.384765625 0.824652778125 0.375 0.8038194437499999 0.375 0.796875 0.361328125 0.7760416671875 0.361328125 0.7517361109375 0.3544921875 0.7361111109375
0 0.2119140625 0.659722221875 0.203125 0.6788194437499999 0.205078125 0.6822916671875 0.203125 0.6892361109375 0.205078125 0.7170138890625 0.1953125 0.7274305562500001 0.1953125 0.734375 0.185546875 0.765625 0.185546875 0.7829861109375 0.1796875 0.800347221875 0.1796875 0.8142361109375 0.17578125 0.8211805562500001 0.17578125 0.828125 0.1826171875 0.8333333328125001 0.185546875 0.8211805562500001 0.1962890625 0.809027778125 0.19921875 0.8142361109375 0.197265625 0.8420138890625 0.2001953125 0.847222221875 0.2275390625 0.8576388890625 0.244140625 0.855902778125 0.248046875 0.8489583328125001 0.25 0.831597221875 0.248046875 0.7517361109375 0.2421875 0.730902778125 0.228515625 0.7100694437499999 0.2265625 0.668402778125 0.2197265625 0.659722221875 0.2119140625 0.659722221875
0 0.185546875 0.706597221875 0.15234375 0.7413194437499999 0.1533203125 0.7569444437499999 0.1650390625 0.75 0.1708984375 0.7638888890625 0.181640625 0.762152778125 0.19140625 0.7482638890625 0.1953125 0.7239583328125 0.203125 0.7135416671875 0.203125 0.675347221875 0.1943359375 0.659722221875 0.1884765625 0.6631944437499999 0.181640625 0.675347221875 0.185546875 0.706597221875