0 0.69140625 0.58984375 0.689453125 0.6106770828125 0.6796875 0.6184895828125 0.673828125 0.6419270828125 0.673828125 0.6575520828125 0.6806640625 0.6614583328125 0.6865234375 0.671875 0.69140625 0.6705729171875 0.7138671875 0.6692708328125 0.71484375 0.6497395828125 0.720703125 0.6393229171875 0.716796875 0.61328125 0.705078125 0.60546875 0.70703125 0.5924479171875 0.6982421875 0.5833333328125 0.69140625 0.58984375
0 0.603515625 0.5872395828125 0.6005859375 0.5755208328125 0.5947265625 0.5755208328125 0.587890625 0.5846354171875 0.587890625 0.59765625 0.576171875 0.6080729171875 0.568359375 0.63671875 0.5703125 0.6471354171875 0.5732421875 0.6432291671875 0.6005859375 0.6458333328125 0.603515625 0.63671875 0.611328125 0.6315104171875 0.60546875 0.62109375 0.60546875 0.6028645828125 0.599609375 0.59765625 0.603515625 0.5872395828125
0 0.623046875 0.6471354171875 0.62109375 0.6341145828125 0.6162109375 0.6302083328125 0.60546875 0.63671875 0.60546875 0.65234375 0.5966796875 0.6588541671875 0.5859375 0.6783854171875 0.583984375 0.7096354171875 0.59765625 0.71484375 0.6064453125 0.7083333328125 0.6123046875 0.7135416671875 0.623046875 0.7122395828125 0.607421875 0.7018229171875 0.611328125 0.6809895828125 0.615234375 0.67578125 0.61328125 0.6653645828125 0.623046875 0.6471354171875
0 0.69140625 0.6731770828125 0.69140625 0.7018229171875 0.685546875 0.7096354171875 0.689453125 0.7356770828125 0.685546875 0.7434895828125 0.6884765625 0.7473958328125 0.6953125 0.74609375 0.7158203125 0.7447916671875 0.720703125 0.7408854171875 0.71875 0.7122395828125 0.7119140625 0.7005208328125 0.705078125 0.6966145828125 0.70703125 0.6783854171875 0.7021484375 0.6692708328125 0.69140625 0.6731770828125
0 0.734375 0.7122395828125 0.734375 0.7330729171875 0.7421875 0.7434895828125 0.7421875 0.7513020828125 0.7353515625 0.7734375 0.7197265625 0.7786458328125 0.708984375 0.7877604171875 0.7099609375 0.7942708328125 0.71875 0.79296875 0.7255859375 0.7864583328125 0.7587890625 0.7864583328125 0.76171875 0.7825520828125 0.76171875 0.7513020828125 0.75390625 0.73828125 0.755859375 0.7174479171875 0.7509765625 0.7083333328125 0.734375 0.7122395828125
0 0.662109375 0.76953125 0.654296875 0.78515625 0.64453125 0.79296875 0.64453125 0.7981770828125 0.6572265625 0.7994791671875 0.6669921875 0.7942708328125 0.6708984375 0.8020833328125001 0.681640625 0.80078125 0.6875 0.7981770828125 0.6875 0.77734375 0.6796875 0.76171875 0.6796875 0.7408854171875 0.6748046875 0.7317708328125 0.6650390625 0.7317708328125 0.658203125 0.7408854171875 0.662109375 0.76953125
0 0.603515625 0.79296875 0.607421875 0.7981770828125 0.607421875 0.80859375 0.599609375 0.8190104171874999 0.599609375 0.8294270828125001 0.603515625 0.8294270828125001 0.626953125 0.80859375 0.626953125 0.8033854171874999 0.62109375 0.7981770828125 0.62109375 0.77734375 0.6142578125 0.7708333328125 0.6064453125 0.7734375 0.603515625 0.7799479171875 0.603515625 0.79296875
0 0.5693359375 0.8046875 0.5595703125 0.8046875 0.556640625 0.80859375 0.5576171875 0.8203125 0.572265625 0.8216145828125001 0.57421875 0.81640625 0.5693359375 0.8046875
0 0.6474609375 0.7421875 0.640625 0.75390625 0.640625 0.7721354171875 0.6435546875 0.7760416671875 0.6484375 0.7747395828125 0.662109375 0.7643229171875 0.658203125 0.73828125 0.671875 0.7278645828125 0.671875 0.7122395828125 0.6669921875 0.7057291671875 0.65625 0.7096354171875 0.654296875 0.73828125 0.6474609375 0.7421875
0 0.5576171875 0.2421875 0.560546875 0.25390625 0.564453125 0.25390625 0.55859375 0.23046875 0.55078125 0.22265625 0.5498046875 0.21614583281250002 0.5458984375 0.21614583281250002 0.541015625 0.23307291718749998 0.541015625 0.25390625 0.5556640625 0.2552083328125 0.5576171875 0.2421875
0 0.5390625 0.2513020828125 0.537109375 0.22786458281250002 0.533203125 0.21484375 0.5283203125 0.2109375 0.51953125 0.23046875 0.51953125 0.2565104171875 0.53515625 0.2565104171875 0.5390625 0.2513020828125
0 0.470703125 0.3450520828125 0.4921875 0.33984375 0.4619140625 0.3359375 0.4501953125 0.328125 0.4443359375 0.3151041671875 0.4384765625 0.3177083328125 0.4296875 0.3346354171875 0.4384765625 0.3463541671875 0.470703125 0.3450520828125