0 0.670898 0.582421 0.099609 0.221247
0 0.784180 0.877661 0.138672 0.243225
0 0.064453 0.871800 0.128906 0.249086
0 0.223633 0.637366 0.068359 0.249086
0 0.339844 0.495241 0.082031 0.328207
0 0.392578 0.583886 0.027344 0.065934
0 0.391602 0.458611 0.072266 0.231503
0 0.458008 0.593410 0.103516 0.196338
0 0.587891 0.637366 0.085938 0.172895
0 0.944336 0.484985 0.021484 0.038095
0 0.459961 0.379489 0.076172 0.090843
0 0.321289 0.051282 0.037109 0.055678
0 0.323242 0.250551 0.044922 0.336998
0 0.347656 0.243957 0.039062 0.323811
