0 0.478515625 0.5582682296875 0.482421875 0.5419921859375 0.48046875 0.525716146875 0.4697265625 0.5240885421875 0.466796875 0.528971353125 0.46875 0.548502603125 0.4638671875 0.5501302078125 0.45703125 0.5387369796875 0.45703125 0.5224609359375 0.462890625 0.509440103125 0.4541015625 0.5045572921875 0.44921875 0.545247396875 0.458984375 0.5745442703125 0.4609375 0.607096353125 0.48046875 0.6103515640625 0.4853515625 0.5891927078125 0.4951171875 0.60546875 0.51171875 0.5615234359375 0.5029296875 0.5533854171875 0.5 0.5582682296875 0.501953125 0.5712890640625 0.4951171875 0.5826822921875 0.478515625 0.5582682296875
0 0.3828125 0.6591796859375 0.37890625 0.6787109359375 0.388671875 0.7145182296875 0.3935546875 0.72265625 0.40234375 0.721028646875 0.4091796875 0.7194010421875 0.419921875 0.701497396875 0.404296875 0.665690103125 0.408203125 0.626627603125 0.4013671875 0.615234375 0.390625 0.623372396875 0.390625 0.6526692703125 0.3828125 0.6591796859375
0 0.353515625 0.685221353125 0.349609375 0.7177734359375 0.3583984375 0.7161458328125 0.3740234375 0.7291666671875 0.392578125 0.7340494796875 0.38671875 0.701497396875 0.375 0.6722005203125 0.37890625 0.6363932296875 0.3701171875 0.6282552078125 0.36328125 0.6363932296875 0.361328125 0.6494140640625 0.365234375 0.6689453140625 0.353515625 0.685221353125
0 0.4560546875 0.7682291671875 0.435546875 0.7470703140625 0.4375 0.724283853125 0.4287109375 0.7063802078125 0.421875 0.7145182296875 0.421875 0.743815103125 0.38671875 0.782877603125 0.3955078125 0.80078125 0.4111328125 0.7845052078125 0.4130859375 0.810546875 0.439453125 0.8121744796874999 0.4453125 0.8056640640625 0.4462890625 0.7845052078125 0.4638671875 0.7942708328125 0.46875 0.782877603125 0.4609375 0.743815103125 0.4541015625 0.7291666671875 0.451171875 0.740559896875 0.4560546875 0.7682291671875
0 0.5263671875 0.7356770828125 0.521484375 0.7275390640625 0.525390625 0.7145182296875 0.5234375 0.6949869796875 0.5146484375 0.6868489578125 0.5078125 0.6949869796875 0.509765625 0.7275390640625 0.49609375 0.7340494796875 0.48046875 0.779622396875 0.4833984375 0.7845052078125 0.4931640625 0.78125 0.4990234375 0.7975260421875 0.517578125 0.799153646875 0.529296875 0.7926432296875 0.5341796875 0.7682291671875 0.5517578125 0.76171875 0.556640625 0.7503255203125 0.5478515625 0.7259114578125 0.541015625 0.7275390640625 0.5439453125 0.7421875 0.5263671875 0.7356770828125
0 0.48046875 0.685221353125 0.46875 0.6949869796875 0.462890625 0.7307942703125 0.4658203125 0.7389322921875 0.4921875 0.7373046859375 0.5078125 0.724283853125 0.5078125 0.6949869796875 0.494140625 0.681966146875 0.49609375 0.6591796859375 0.4912109375 0.6477864578125 0.4853515625 0.6477864578125 0.4765625 0.662434896875 0.48046875 0.685221353125
0 0.419921875 0.7340494796875 0.4228515625 0.7063802078125 0.4140625 0.7177734359375 0.416015625 0.7340494796875 0.419921875 0.7340494796875
0 0.4326171875 0.7063802078125 0.4375 0.7307942703125 0.4443359375 0.7421875 0.44921875 0.740559896875 0.447265625 0.7275390640625 0.453125 0.7145182296875 0.44140625 0.701497396875 0.44140625 0.6787109359375 0.4326171875 0.6705729171875 0.42578125 0.6787109359375 0.423828125 0.704752603125 0.4326171875 0.7063802078125
0 0.505859375 0.626627603125 0.5078125 0.6559244796875 0.49609375 0.665690103125 0.498046875 0.685221353125 0.5107421875 0.6901041671875 0.5224609375 0.68359375 0.529296875 0.7177734359375 0.5361328125 0.7291666671875 0.546875 0.7275390640625 0.541015625 0.721028646875 0.53125 0.6722005203125 0.51953125 0.662434896875 0.525390625 0.642903646875 0.5234375 0.626627603125 0.5166015625 0.615234375 0.5107421875 0.615234375 0.505859375 0.626627603125
0 0.5576171875 0.625 0.5771484375 0.6315104171875 0.5849609375 0.6575520828125 0.603515625 0.6591796859375 0.609375 0.6396484359375 0.607421875 0.6201171859375 0.5908203125 0.5859375 0.580078125 0.587565103125 0.5712890625 0.625 0.5654296875 0.615234375 0.5546875 0.6136067703125 0.5576171875 0.625
0 0.611328125 0.4996744796875 0.611328125 0.5224609359375 0.595703125 0.5517578140625 0.609375 0.564778646875 0.609375 0.584309896875 0.6201171875 0.60546875 0.62890625 0.603841146875 0.62890625 0.5973307296875 0.642578125 0.5777994796875 0.64453125 0.545247396875 0.642578125 0.5354817703125 0.630859375 0.5224609359375 0.630859375 0.4996744796875 0.6201171875 0.48828125 0.611328125 0.4996744796875
0 0.654296875 0.6559244796875 0.6572265625 0.6608072921875 0.6796875 0.6591796859375 0.6875 0.646158853125 0.689453125 0.6136067703125 0.67578125 0.5973307296875 0.677734375 0.5777994796875 0.6669921875 0.5696614578125 0.662109375 0.5810546859375 0.6640625 0.6168619796875 0.654296875 0.6559244796875
0 0.515625 0.548502603125 0.517578125 0.5745442703125 0.5029296875 0.5859375 0.5 0.5973307296875 0.515625 0.6005859359375 0.515625 0.6136067703125 0.525390625 0.6331380203125 0.525390625 0.6526692703125 0.53125 0.6559244796875 0.5390625 0.6331380203125 0.5478515625 0.6380208328125 0.55078125 0.623372396875 0.54296875 0.587565103125 0.53125 0.5745442703125 0.53125 0.5419921859375 0.5224609375 0.5338541671875 0.515625 0.548502603125
0 0.58984375 0.568033853125 0.5849609375 0.5533854171875 0.5751953125 0.5501302078125 0.5703125 0.5615234359375 0.5703125 0.5777994796875 0.5732421875 0.5859375 0.58203125 0.584309896875 0.58984375 0.568033853125