1 0.248046875 0.5635245906249999 0.2890625 0.66598360625 0.29296875 0.7069672125 0.2880859375 0.7172131140625 0.2529296875 0.7025761125 0.2119140625 0.6996487124999999 0.1962890625 0.7318501171875 0.1416015625 0.7318501171875 0.0966796875 0.7142857140625 0.0703125 0.683548009375 0.060546875 0.648419203125 0.0751953125 0.6030444968750001 0.052734375 0.6367096015625 0.046875 0.6572014046875 0.048828125 0.6894028109375 0.0771484375 0.74063231875 0.1103515625 0.761124121875 0.19921875 0.777224825 0.166015625 0.8533372359375001 0.1689453125 0.8694379390625 0.2060546875 0.8606557374999999 0.326171875 0.8913934421875 0.3486328125 0.881147540625 0.353515625 0.8679742390625 0.345703125 0.835772834375 0.30859375 0.7889344265625 0.3203125 0.7128220140625 0.296875 0.6337822015625 0.2666015625 0.5737704921875 0.248046875 0.5635245906249999
1 0.046875 0.6513466046875 0.025390625 0.625 0.0458984375 0.5532786890625 0.013671875 0.5986533953125 0.0078125 0.642564403125 0.0244140625 0.679156909375 0.046875 0.6923302109375 0.046875 0.6513466046875
1 0 0.7479508203125 0.0048828125 0.7523419203125 0.0361328125 0.761124121875 0.0849609375 0.7552693203125 0.0947265625 0.784543325 0.138671875 0.7947892265625 0.15625 0.7742974234375 0.0830078125 0.7494145203125 0.0576171875 0.7142857140625 0 0.7157494140625 0 0.7479508203125
1 0.216796875 0.6132903984375 0.21484375 0.6367096015625 0.2001953125 0.6557377046874999 0.1767578125 0.6674473062499999 0.1416015625 0.6440281031249999 0.0986328125 0.6440281031249999 0.06640625 0.6630562062500001 0.0703125 0.683548009375 0.1044921875 0.720140515625 0.169921875 0.7333138171875 0.1904296875 0.7318501171875 0.20703125 0.6952576109375 0.23046875 0.66598360625 0.236328125 0.645491803125 0.2265625 0.5986533953125 0.2001953125 0.562060890625 0.197265625 0.566451990625 0.216796875 0.6132903984375
1 0.9501953125 0.66451990625 0.9658203125 0.6498829046875 0.982421875 0.6162177984375 0.98046875 0.58987119375 0.96875 0.5576697890625 0.962890625 0.5547423890625 0.96875 0.5869437937499999 0.96484375 0.607435596875 0.9501953125 0.6323185015624999 0.9208984375 0.6469555031249999 0.8642578125 0.6469555031249999 0.765625 0.6132903984375 0.7978515625 0.526932084375 0.7568359375 0.5971896953125 0.7138671875 0.6293911 0.7021484375 0.6557377046874999 0.6552734375 0.6937939109375 0.650390625 0.7098946140625 0.650390625 0.7186768156250001 0.6650390625 0.7318501171875 0.6884765625 0.73770491875 0.826171875 0.7391686187500001 0.8271484375 0.723067915625 0.84765625 0.7128220140625 0.8330078125 0.6908665109375 0.8232421875 0.7084309140625 0.8154296875 0.7025761125 0.8017578125 0.6674473062499999 0.8974609375 0.682084309375 0.9501953125 0.66451990625
1 0.47265625 0.5166861828125 0.498046875 0.566451990625 0.498046875 0.58401639375 0.4833984375 0.6001170953125 0.4541015625 0.6001170953125 0.4091796875 0.5796252921875 0.3798828125 0.5825526937500001 0.3310546875 0.6059718968750001 0.283203125 0.601580796875 0.3037109375 0.6440281031249999 0.3515625 0.645491803125 0.3447265625 0.6557377046874999 0.3251953125 0.6586651046875 0.3203125 0.6747658078125001 0.3427734375 0.6996487124999999 0.3505859375 0.6937939109375 0.3583984375 0.7172131140625 0.4296875 0.7333138171875 0.453125 0.7128220140625 0.447265625 0.66891100625 0.4580078125 0.6381733015625 0.4814453125 0.641100703125 0.515625 0.6103629984375 0.513671875 0.566451990625 0.4814453125 0.5181498828125 0.47265625 0.5166861828125
1 0.4560546875 0.5503512875000001 0.4326171875 0.50936768125 0.44921875 0.569379390625 0.4619140625 0.58548009375 0.484375 0.5957259953125 0.498046875 0.5752341921874999 0.4560546875 0.5503512875000001
1 0.6181640625 0.5913348953125 0.6083984375 0.5737704921875 0.5732421875 0.5532786890625 0.5439453125 0.524004684375 0.552734375 0.5459601875 0.517578125 0.5723067921875 0.517578125 0.607435596875 0.505859375 0.625 0.5087890625 0.6352459015624999 0.51953125 0.6367096015625 0.513671875 0.6718384078125 0.5439453125 0.6967213109375 0.59375 0.6952576109375 0.599609375 0.683548009375 0.5859375 0.66891100625 0.5908203125 0.6586651046875 0.6357421875 0.6381733015625 0.6552734375 0.641100703125 0.658203125 0.6279274 0.6474609375 0.6030444968750001 0.6181640625 0.5913348953125
1 0.8515625 0.8035714281249999 0.849609375 0.8269906328125 0.8544921875 0.8343091328125001 0.888671875 0.8416276343750001 0.9990234375 0.840163934375 1 0.727459015625 0.9775390625 0.720140515625 0.9521484375 0.725995315625 0.9287109375 0.74063231875 0.9052734375 0.7728337234375 0.8603515625 0.7903981265625 0.8515625 0.8035714281249999
1 0.638671875 0.288348946875 0.6201171875 0.30737704843749997 0.5634765625 0.30737704843749997 0.5322265625 0.3190866515625 0.4970703125 0.3044496484375 0.486328125 0.2824941453125 0.486328125 0.2649297421875 0.5048828125 0.210772834375 0.486328125 0.2327283375 0.47265625 0.2649297421875 0.470703125 0.29713114687500003 0.4853515625 0.32786885312499997 0.5087890625 0.3425058546875 0.5380859375 0.3425058546875 0.52734375 0.3586065578125 0.5283203125 0.368852459375 0.568359375 0.3820257609375 0.6220703125 0.3776346609375 0.599609375 0.34689695625 0.6357421875 0.336651053125 0.654296875 0.31176815 0.65625 0.2620023421875 0.6318359375 0.19320843125 0.642578125 0.27371194375 0.638671875 0.288348946875
1 0.2568359375 0.35421545625 0.2255859375 0.3600702578125 0.1796875 0.3878805625 0.2783203125 0.40690866562499994 0.314453125 0.405444965625 0.3017578125 0.374707259375 0.2568359375 0.35421545625