1 0.635742 0.822917 0.435547 0.180556
0 0.377930 0.790799 0.126953 0.255208
0 0.141602 0.476562 0.244141 0.237847
0 0.404297 0.286458 0.167969 0.177083
0 0.965820 0.598958 0.068359 0.274306
0 0.587891 0.581597 0.113281 0.302083
0 0.437500 0.611111 0.140625 0.263889
0 0.773438 0.312500 0.101562 0.166667
0 0.760742 0.277778 0.146484 0.236111
0 0.669922 0.164062 0.167969 0.265625
0 0.639648 0.083333 0.091797 0.166667
0 0.534180 0.256944 0.068359 0.173611
1 0.465820 0.418403 0.271484 0.177083
1 0.500977 0.355903 0.341797 0.295139
