0 0.884765625 0.18624441875 0.8925781234375 0.24418712656250002 0.8349609359375 0.29799106875 0.8007812515625 0.3048890109375 0.8769531234375 0.31868489375000003 0.896484375 0.3849051328125 0.8945312515625 0.4704396078125 0.9296874984375 0.4787171375 0.9140625015625 0.580806671875 0.9375 0.5863250265625 0.96875 0.29937066093750003 0.9990234375 0.286954365625 1 0.2607421859375 0.9638671875 0.22625248125000003 0.9404296890625 0.22901165625000003 0.927734375 0.18072606875 0.8974609359375 0.16555059218749998 0.884765625 0.18624441875
0 0.8125 0.24970548125 0.8242187484375 0.191762771875 0.8076171875 0.1738281265625 0.7851562515625 0.194521946875 0.7851562515625 0.24694630625 0.75 0.2662605390625 0.7304687484375 0.32696242343750004 0.7460937484375 0.3655909 0.7519531234375 0.5918433750000001 0.7636718765625 0.59460255625 0.7802734375 0.5407986140625 0.8105468765625 0.580806671875 0.818359375 0.409737725 0.84375 0.3628317203125 0.8408203109375 0.32282366093750003 0.796875 0.30764819062500004 0.837890625 0.29109313281250004 0.8125 0.24970548125
0 0.6015625015625 0.49251302187499996 0.5820312515625 0.5587332593750001 0.5966796890625 0.5904637890625 0.6435546890625 0.5932229687499999 0.6552734375 0.5656312015625 0.6894531234375 0.6083984390625 0.697265625 0.5890842015625 0.666015625 0.539419021875 0.662109375 0.50079055 0.6914062515625 0.3876643125 0.6669921875 0.355933778125 0.650390625 0.3683500734375 0.6484374984375 0.4262927828125 0.6015625015625 0.49251302187499996
0 0.5390625015625 0.216595359375 0.5351562515625 0.288333953125 0.5 0.3021298359375 0.453125 0.442847840625 0.4658203109375 0.45526413750000005 0.4873046890625 0.4055989578125 0.5019531234375 0.41525607343750004 0.4980468765625 0.580806671875 0.5136718765625 0.5863250265625 0.5732421875 0.5766679046875 0.5908203109375 0.42767237031249994 0.6132812515625 0.4621620796875 0.5976562515625 0.34075830625000003 0.568359375 0.29385230625 0.572265625 0.22763206875000003 0.5595703109375 0.20693824374999997 0.5390625015625 0.216595359375
0 0.59375 0.31868489375000003 0.6074218765625 0.39594184062500004 0.6259765625 0.3835255453125 0.640625 0.4262927828125 0.6679687484375 0.241427953125 0.6386718765625 0.216595359375 0.646484375 0.16968935937500002 0.6220703109375 0.16555059218749998 0.6113281234375 0.1752077140625 0.6210937484375 0.216595359375 0.5976562515625 0.2359095984375 0.59375 0.31868489375000003
0 0.4199218765625 0.27453806875 0.412109375 0.49803137499999994 0.421875 0.50079055 0.4882812515625 0.29661148125 0.4755859359375 0.20417906874999997 0.4199218765625 0.27453806875
0 0.2958984375 0.372488840625 0.2626953109375 0.375248015625 0.2509765625 0.422154015625 0.1552734375 0.44698660781250005 0.09765625156249999 0.5173456078124999 0.11718749843750001 0.671859496875 0.099609375 0.7049696187500001 0.1289062515625 0.7104879734375 0.1640625015625 0.6856553812499999 0.166015625 0.5973617296875 0.2626953109375 0.515966021875 0.3554687484375 0.5973617296875 0.3554687484375 0.5752883171875001 0.275390625 0.46768043437499995 0.306640625 0.4318111375 0.2958984375 0.372488840625
0 0.3046874984375 0.46768043437499995 0.3251953109375 0.43594989999999995 0.3457031234375 0.4704396078125 0.349609375 0.19728112656250002 0.328125 0.1641710046875 0.3242187484375 0.11450583125 0.3037109359375 0.1076078890625 0.291015625 0.12554253437500001 0.287109375 0.2552238359375 0.3085937484375 0.3931826609375 0.3046874984375 0.46768043437499995
0 0.2265625015625 0.29109313281250004 0.2011718765625 0.31868489375000003 0.228515625 0.3159257203125 0.234375 0.3821459578125 0.2480468765625 0.3931826609375 0.2519531234375 0.2579830109375 0.2695312515625 0.24694630625 0.2734374984375 0.20831783124999997 0.2324218765625 0.08691406406249999 0.2119140640625 0.0744977671875 0.1992187484375 0.10070994687499998 0.2207031234375 0.150375121875 0.2265625015625 0.29109313281250004
0 0.1445312515625 0.32696242343750004 0.1484374984375 0.4318111375 0.1640625015625 0.4400886671875 0.1796874984375 0.32420324843750004 0.2050781234375 0.2579830109375 0.1669921875 0.1903831859375 0.134765625 0.18072606875 0.1328125015625 0.13657924375 0.11816406406249999 0.12140376718749998 0.10156250156249999 0.1752077140625 0.1445312515625 0.32696242343750004
0 0.0019531234375000002 0.445607021875 0.042968748437499996 0.23039124375000003 0.018554689062499997 0.082775296875 0 0.08691406406249999 0.0019531234375000002 0.445607021875
0 0.1142578125 0.055183534374999996 0.09375 0.067599825 0.08593749843750001 0.122783359375 0.052734375 0.1669301859375 0.09375 0.1779668890625 0.12304687656249999 0.11726500468750001 0.1142578125 0.055183534374999996