0 0.918945 0.698641 0.091797 0.308257
0 0.686523 0.678391 0.130859 0.375759
0 0.366211 0.730142 0.103516 0.290257
0 0.206055 0.635640 0.103516 0.389259
0 0.058594 0.572638 0.117188 0.308257
0 0.266602 0.489386 0.072266 0.276756
0 0.299805 0.666016 0.076172 0.324008
0 0.359375 0.526512 0.054688 0.252006
0 0.507812 0.542263 0.085938 0.328508
0 0.591797 0.546763 0.054687 0.274506
0 0.680664 0.276756 0.076172 0.283507
0 0.780273 0.312757 0.087891 0.337508
0 0.493164 0.279007 0.068359 0.207005
0 0.563477 0.252006 0.064453 0.261006
0 0.269531 0.324008 0.089844 0.261006
0 0.208984 0.303757 0.074219 0.247506
0 0.129883 0.297007 0.083984 0.270006
0 0.062500 0.182254 0.027344 0.058501
