0 0.4677734375 0.2711356015625 0.4453125015625 0.3354434046875 0.4814453109375 0.323277065625 0.4892578125 0.354561940625 0.5351562515625 0.3841087671875 0.5458984375 0.465797059375 0.6054687484375 0.49534388749999997 0.625 0.474487303125 0.6386718765625 0.2798258453125 0.6074218765625 0.2242082859375 0.6074218765625 0.08516438750000001 0.5556640640625 0.038237071875 0.5195312515625 0.095592678125 0.5332031234375 0.24854097031250003 0.4677734375 0.2711356015625
0 0.587890625 0.582246328125 0.5751953109375 0.6500302265625 0.5322265625 0.656982421875 0.5039062515625 0.7456229046875 0.5234374984375 0.860334125 0.515625 0.9889497328125 0.625 0.995901921875 0.6484374984375 0.9819975359375 0.6523437484375 0.9263799765625 0.6230468765625 0.8394775421875 0.640625 0.7699555890625 0.6425781234375 0.648292178125 0.630859375 0.57529413125 0.6103515625 0.5700799875 0.587890625 0.582246328125
0 0.458984375 0.394537065625 0.46875 0.512724375 0.5117187484375 0.5231526671875 0.5390625015625 0.4814395 0.5429687484375 0.408441453125 0.4638671875 0.305896578125 0.4550781234375 0.314586821875 0.478515625 0.3250151125 0.4482421875 0.3267531609375 0.4355468765625 0.3841087671875 0.458984375 0.394537065625
0 0.4345703109375 0.559651690625 0.4238281234375 0.47101120781250005 0.3935546890625 0.45189267187500004 0.3828125015625 0.5266287671875001 0.431640625 0.5961507140625 0.4296874984375 0.756051203125 0.4570312515625 0.9194277796874999 0.447265625 0.97156924375 0.5117187484375 0.995901921875 0.5234374984375 0.8672863218750001 0.5039062515625 0.7386707140625 0.525390625 0.7039097375 0.5283203109375 0.653506321875 0.5625 0.6378638875 0.5205078125 0.583984375 0.4638671875 0.590936571875 0.4345703109375 0.559651690625
0 0.7060546890625 0.1703287734375 0.6669921875 0.166852678125 0.6425781234375 0.206827796875 0.6445312515625 0.3597760890625 0.6289062515625 0.474487303125 0.6445312515625 0.648292178125 0.6367187484375 0.8568580234375001 0.7080078125 0.93159411875 0.7529296890625 0.8968331484375 0.7626953109375 0.9420224171875 0.7763671875 0.9281180234375 0.787109375 0.9750453390624999 0.806640625 0.9819975359375 0.7949218765625 0.853381928125 0.7148437484375 0.7769077859375 0.7226562515625 0.710861934375 0.708984375 0.568341934375 0.7226562515625 0.439726328125 0.712890625 0.363252184375 0.7265625015625 0.2103038984375 0.7060546890625 0.1703287734375
0 0.728515625 0.3284912078125 0.7431640640625 0.41017950000000003 0.7929687484375 0.408441453125 0.796875 0.349347796875 0.818359375 0.3562999875 0.818359375 0.2798258453125 0.802734375 0.158162434375 0.7832031234375 0.1373058515625 0.7666015625 0.072998046875 0.7304687484375 0.18249511875 0.728515625 0.3284912078125
0 0.2373046890625 0.40670340468750005 0.2226562515625 0.44667852343750003 0.2148437484375 0.5787702265625 0.2363281234375 0.6031029109375 0.2724609359375 0.5735560828125 0.3154296890625 0.5874604703124999 0.3232421875 0.52141461875 0.3544921875 0.590936571875 0.3710937484375 0.5891985234375 0.3476562515625 0.48839169687500006 0.2880859359375 0.3649902328125 0.2373046890625 0.40670340468750005
0 0.1738281234375 0.175542921875 0.1796874984375 0.24158877343750002 0.1601562515625 0.2659214578125 0.193359375 0.314586821875 0.1835937484375 0.4536307203125 0.1767578125 0.47274925625 0.1679687484375 0.46058291718750005 0.1679687484375 0.4049653578125 0.1513671875 0.3927990125 0.1484374984375 0.4779634046875 0.1640625015625 0.5961507140625 0.2011718765625 0.599626815625 0.2148437484375 0.59267461875 0.2167968765625 0.425821940625 0.244140625 0.3528238921875 0.234375 0.2867780421875 0.208984375 0.2554931671875 0.2167968765625 0.1790190171875 0.1884765625 0.1529482859375 0.1738281234375 0.175542921875
0 0.1376953109375 0.3823707203125 0.1376953109375 0.3649902328125 0.1542968765625 0.37368047656250003 0.1484374984375 0.394537065625 0.166015625 0.40148925625 0.1640625015625 0.46405901250000003 0.1757812515625 0.474487303125 0.193359375 0.3111107265625 0.1650390640625 0.28503999375 0.1513671875 0.2398507265625 0.1337890640625 0.23637463125 0.12304687656249999 0.2554931671875 0.134765625 0.3041585296875 0.12109374843750001 0.349347796875 0.1376953109375 0.3823707203125
0 0 0.5231526671875 0.06542968906249999 0.542271203125 0.130859375 0.6795770531249999 0.08593749843750001 0.439726328125 0.07031250156249999 0.411917546875 0.07617187656249999 0.307634625 0.0361328125 0.2815638921875 0.019531251562499997 0.3111107265625 0.023437498437500003 0.394537065625 0 0.425821940625 0 0.5231526671875
0 0.11230468906249999 0.8933570468750001 0.1289062515625 0.9124755828125 0.1416015625 0.9941638749999999 0.193359375 0.995901921875 0.1992187484375 0.9576648515624999 0.1796874984375 0.8464297328124999 0.109375 0.6378638875 0.0615234375 0.542271203125 0.0009765625 0.5248907203125001 0 0.995901921875 0.1044921875 0.9976399765625 0.11230468906249999 0.8933570468750001
0 0.07617187656249999 0.3041585296875 0.072265625 0.411917546875 0.09765625156249999 0.5022960828125 0.115234375 0.3562999875 0.10742187656249999 0.2867780421875 0.0458984375 0.166852678125 0.0166015625 0.166852678125 0 0.1859712140625 0.015625 0.2972063328125 0.0537109359375 0.278087796875 0.07617187656249999 0.3041585296875