0 0.6142578140625 0.651494565625 0.5888671859375 0.663128396875 0.5722656234375 0.7023925765625 0.5722656234375 0.7314771578125 0.6054687515625 0.7518363640625 0.6230468765625 0.6791249125000001 0.6142578140625 0.651494565625
0 0.4794921859375 0.27921195625 0.46875 0.32429305468749997 0.5 0.34174379843749997 0.5146484375 0.40427564687500006 0.5683593765625 0.40863833125 0.5859375 0.35337762968750003 0.5859375 0.26903235312499996 0.5625 0.248673146875 0.5507812484375 0.1701447875 0.5166015625 0.162873640625 0.5039062484375 0.17887015781249999 0.5117187515625 0.260306978125 0.4794921859375 0.27921195625
0 0.5400390625 0.44208559843749995 0.5 0.5162512718750001 0.5078125 0.67039954375 0.5507812484375 0.836181640625 0.5644531234375 0.824547809375 0.5527343765625 0.6005965546875001 0.5673828140625 0.5613323703125 0.5810546859375 0.5846000328125001 0.59375 0.556969684375 0.5820312484375 0.4522652015625 0.5576171859375 0.439177140625 0.5400390625 0.44208559843749995
0 0.6445312484375 0.257398521875 0.6181640625 0.22976817343749997 0.5878906234375 0.254490065625 0.5917968765625 0.34756071718750003 0.578125 0.39409604374999996 0.5595703140625 0.418817934375 0.5175781234375 0.39991295625 0.5400390625 0.439177140625 0.5839843765625 0.4493567453125 0.5957031234375 0.556969684375 0.5722656234375 0.7285687015625 0.6054687515625 0.7518363640625 0.6230468765625 0.6878502875 0.6103515625 0.6195015265625 0.6494140625 0.6456776515625 0.6845703140625 0.6369522765625 0.7089843765625 0.673308 0.7011718765625 0.6093219234375 0.6503906234375 0.568603515625 0.6445312484375 0.257398521875
0 0.1708984375 0.7125721796875 0.1943359375 0.7358398421875 0.2070312484375 0.7111179515625 0.1855468765625 0.5831458046875 0.1269531234375 0.4115467875 0.0400390625 0.3519234015625 0.03125 0.2952084734375 0.0009765625 0.25594429375 0 0.7372940703124999 0.0380859375 0.6049592390625 0.06640624843750001 0.7285687015625 0.08984375156249999 0.7663786515625 0.08398437656249999 0.8478154734375 0.109375 0.95251995625 0.1464843765625 0.9757876203125001 0.1611328140625 0.8521781578125 0.1865234375 0.8579950765625 0.2041015625 0.910347315625 0.234375 0.8914423421875 0.2324218765625 0.8623577609374999 0.1992187515625 0.836181640625 0.1660156234375 0.7576532765625 0.1708984375 0.7125721796875
0 0.2802734375 0.6020507828125 0.2949218765625 0.65294879375 0.3144531234375 0.65294879375 0.3183593765625 0.6035050109375 0.28125 0.4202721625 0.2294921859375 0.3490149453125 0.1933593765625 0.5976880921875 0.2216796859375 0.5089801296875 0.25 0.6151388421874999 0.2763671859375 0.6224099890625 0.2802734375 0.6020507828125
0 0.3925781234375 0.260306978125 0.390625 0.3039338484375 0.3652343765625 0.3184761359375 0.3535156234375 0.3621030046875 0.3691406234375 0.5656950593750001 0.3798828140625 0.526430875 0.4033203140625 0.5177055 0.4042968765625 0.559878140625 0.4179687515625 0.559878140625 0.4335937515625 0.3504691734375 0.4140625 0.31265922343749997 0.4111328140625 0.25594429375 0.3925781234375 0.260306978125
0 0.8789062484375 0.245764690625 0.8466796859375 0.180324390625 0.8105468765625 0.31265922343749997 0.8291015625 0.363557234375 0.8632812484375 0.3650114625 0.8808593765625 0.3068423046875 0.8789062484375 0.245764690625
0 0.2324218765625 0.3068423046875 0.2382812484375 0.34174379843749997 0.2695312484375 0.37955375468749997 0.2773437515625 0.245764690625 0.2470703140625 0.1948666796875 0.2324218765625 0.3068423046875
0 0.2734375 0.3184761359375 0.28125 0.39409604374999996 0.3046875 0.405729875 0.3164062484375 0.26903235312499996 0.2900390625 0.2006835921875 0.2734375 0.3184761359375
0 0.3183593765625 0.2399477765625 0.3300781234375 0.40282141875 0.34375 0.41445524999999994 0.3769531234375 0.301025390625 0.3310546859375 0.1977751359375 0.3183593765625 0.2399477765625
0 0.4550781234375 0.3330184296875 0.4746093765625 0.26903235312499996 0.4648437515625 0.2195885703125 0.4482421859375 0.2094089671875 0.4550781234375 0.3330184296875