0 0.4023437484375 0.53796386875 0.4023437484375 0.7347412109375 0.4902343734375 0.7506103515625 0.4980468734375 0.6458740234375 0.5351562515625 0.5697021484375 0.5146484375 0.5490722671875 0.4677734375 0.5712890625 0.4746093734375 0.5189208984375 0.4345703109375 0.4951171875 0.4326171890625 0.55859375 0.4023437484375 0.53796386875
0 0.7734375 0.5347900390625 0.7460937484375 0.4967041015625 0.7587890625 0.4094238296875 0.7402343734375 0.42370605625 0.7207031265625 0.5093994140625 0.7236328109375 0.539550784375 0.7578125 0.54113769375 0.7734375 0.5347900390625
0 0.8212890625 0.4189453125 0.8085937484375 0.4300537109375 0.8154296890625 0.488769534375 0.7861328109375 0.488769534375 0.7636718734375 0.4586181640625 0.7714843734375 0.52526855625 0.7949218734375 0.55383300625 0.7773437484375 0.7347412109375 0.8632812515625 0.74426269375 0.8730468734375 0.56335449375 0.9316406265625 0.47766113125 0.9091796890625 0.3681640625 0.9121093734375 0.4713134765625 0.8935546890625 0.4951171875 0.8525390625 0.488769534375 0.8496093734375 0.45227050625 0.8212890625 0.4189453125
0 0.2910156265625 0.6109619140625 0.2841796890625 0.7331542953125 0.375 0.7379150390625 0.3671875 0.6236572265625 0.3242187484375 0.5316162109375 0.3330078109375 0.501464840625 0.3134765625 0.4951171875 0.3017578109375 0.552246090625 0.2539062515625 0.56335449375 0.2607421890625 0.5966796875 0.2910156265625 0.6109619140625
0 0.044921873437499996 0.45227050625 0.0537109375 0.4665527328125 0.07324218906249999 0.4221191421875 0.08300781093750001 0.4697265625 0.1240234375 0.4665527328125 0.1279296890625 0.431640625 0.1582031265625 0.4681396484375 0.1386718734375 0.40148925625 0.11132812656249999 0.37292480625 0.1171875 0.32531738125 0.10644531093750001 0.311035159375 0.09179687343750001 0.32214355625 0.09179687343750001 0.37292480625 0.0605468734375 0.40148925625 0.044921873437499996 0.45227050625
0 0.0078125 0.3157958984375 0.03125 0.3062744140625 0.0302734375 0.2634277328125 0 0.29675293125 0.0078125 0.3157958984375
0 0.1347656265625 0.28723144375 0.1513671890625 0.3142089828125 0.1835937484375 0.31262206875 0.1835937484375 0.2681884765625 0.1474609375 0.2158203125 0.1347656265625 0.28723144375
0 0.2636718734375 0.2681884765625 0.2695312515625 0.32531738125 0.2929687484375 0.32531738125 0.3125 0.2777099609375 0.2763671890625 0.2443847671875 0.2636718734375 0.2681884765625
0 0.2324218734375 0.30944824375 0.2705078109375 0.2761230453125 0.2695312515625 0.3284912109375 0.2929687484375 0.3284912109375 0.3037109375 0.2951660171875 0.3193359375 0.3269042953125 0.3222656265625 0.31262206875 0.2949218734375 0.24914550625 0.2988281265625 0.2142333984375 0.2822265625 0.203125 0.2792968734375 0.2396240234375 0.2324218734375 0.30944824375
0 0.7011718734375 0.2904052734375 0.7167968734375 0.2047119140625 0.6982421890625 0.1396484375 0.6835937484375 0.27453613125 0.7011718734375 0.2904052734375
0 0.7685546890625 0.1396484375 0.7578125 0.22375488125 0.7734375 0.2554931640625 0.7929687484375 0.2427978515625 0.7988281265625 0.1920166015625 0.7685546890625 0.1396484375