0 0.3007812515625 0.3888906671875 0.2763671890625 0.37861808125 0.2578125015625 0.40650080937500005 0.2617187484375 0.4446561203125 0.2148437484375 0.48868148125 0.1875 0.576732196875 0.1796874984375 0.7410935359375 0.208984375 0.7293534421875 0.208984375 0.7088082734375 0.1875 0.6970681796875 0.1875 0.65891286875 0.2314453125 0.6310301421875 0.265625 0.78218386875 0.2880859375 0.7865864046875 0.287109375 0.7352234859375 0.3017578109375 0.7308209515625 0.3105468765625 0.7792488468750001 0.3359374984375 0.78805391875 0.3300781234375 0.7029382234375 0.34375 0.62662760625 0.322265625 0.5943423390625 0.3203125015625 0.5415119125000001 0.3544921890625 0.5517844921874999 0.369140625 0.523901765625 0.2988281234375 0.453461190625 0.3007812515625 0.3888906671875
0 0.3867187484375 0.6882631031249999 0.4042968765625 0.5796672234375 0.3525390625 0.55471951875 0.3417968765625 0.6647829125 0.3867187484375 0.6882631031249999
0 0.3505859375 0.44905865624999997 0.3515625015625 0.5033566015625001 0.4042968765625 0.5327068421875001 0.4257812515625 0.43585104843750005 0.4023437484375 0.40650080937500005 0.40625 0.3331252125 0.3876953125 0.32285262812500004 0.3769531234375 0.374215546875 0.349609375 0.39182569375 0.3261718765625 0.46520128906249997 0.3505859375 0.44905865624999997
0 0.1591796875 0.21425674374999998 0.134765625 0.2626846390625 0.146484375 0.3888906671875 0.166015625 0.374215546875 0.1796874984375 0.29203487968749997 0.1591796875 0.21425674374999998
0 0.677734375 0.63249765 0.693359375 0.661847890625 0.6875 0.7909889453125001 0.7060546875 0.8511569343750001 0.796875 0.86142951875 0.7792968765625 0.8203391796874999 0.78125 0.68532808125 0.7519531234375 0.5327068421875001 0.7636718765625 0.48574645937499994 0.7451171890625 0.44905865624999997 0.7207031234375 0.4769413828125 0.6914062515625 0.6207575578125 0.677734375 0.63249765
0 0.09375 0.2421394703125 0.07714843593750001 0.17903645937499998 0.056640625 0.2274643546875 0.0585937484375 0.341930284375 0.0625 0.3830206171875 0.07910156406249999 0.3404627765625 0.087890625 0.3888906671875 0.09375 0.2421394703125
0 0.2011718765625 0.3566054046875 0.2021484359375 0.38155310937500003 0.2207031234375 0.3830206171875 0.25 0.3155150703125 0.2451171890625 0.2846973171875 0.2011718765625 0.3566054046875
0 0.2421874984375 0.38595564531250004 0.28125 0.37128052500000003 0.2626953125 0.28176229531249997 0.2207031234375 0.37715057343749997 0.2421874984375 0.38595564531250004
0 0.3144531234375 0.3830206171875 0.3046874984375 0.29496990156249997 0.2900390625 0.29350239375 0.2832031234375 0.37128052500000003 0.3144531234375 0.3830206171875
0 0.3505859375 0.2758922453125 0.3261718765625 0.3448653109375 0.34375 0.37715057343749997 0.3632812515625 0.368345503125 0.365234375 0.341930284375 0.3505859375 0.2758922453125
0 0.884765625 0.49161650312500005 0.9042968765625 0.365410475 0.8896484359375 0.3345927265625 0.8710937484375 0.3566054046875 0.884765625 0.49161650312500005
0 0.8417968765625 0.4211759296875 0.8427734359375 0.3140475578125 0.8203125015625 0.36247545312499996 0.8242187484375 0.4153058859375 0.8417968765625 0.4211759296875
0 0.9394531234375 0.37128052500000003 0.9287109375 0.31991760625 0.9082031234375 0.35367038281249996 0.9023437484375 0.42411095625 0.9091796875 0.4549287046875 0.9169921890625 0.41090334375 0.9257812515625 0.45639621874999997 0.9394531234375 0.37128052500000003