0 0.828125 0.6792596234375 0.8085937484375 0.67143705625 0.7988281234375 0.7235875109375 0.8115234359375 0.7822567625 0.8505859375 0.787471809375 0.8603515640625 0.8239771234375001 0.927734375 0.8278884124999999 0.931640625 0.7131574171875 0.9111328109375 0.6675257734375 0.8876953125 0.6623107265625 0.8867187484375 0.6949047578124999 0.8671874984375 0.6896897171874999 0.8681640625 0.7196762265625 0.8349609375 0.7196762265625 0.828125 0.6792596234375
0 0.869140625 0.720979984375 0.8730468765625 0.6896897171874999 0.849609375 0.6662220109375 0.849609375 0.621894128125 0.8154296875 0.6179828453125 0.7890625015625 0.707942371875 0.8212890625 0.6805633859375 0.8310546875 0.7170687015625 0.869140625 0.720979984375
0 0.7792968765625 0.72619503125 0.7832031234375 0.67143705625 0.7587890625 0.65970320625 0.7480468765625 0.7183724640625 0.7792968765625 0.72619503125
0 0.5449218765625 0.7366251187499999 0.5429687484375 0.65839944375 0.5185546875 0.6544881593749999 0.53125 0.7314100765625 0.5449218765625 0.7366251187499999
0 0.5917968765625 0.49673304687500003 0.6074218765625 0.554098540625 0.5644531234375 0.59060385625 0.5957031234375 0.6740445765625 0.5576171890625 0.7092461343750001 0.5429687484375 0.6896897171874999 0.5625 0.7366251187499999 0.6220703125 0.7274987937499999 0.6484374984375 0.6975122828125 0.6298828109375 0.688385953125 0.6679687484375 0.67143705625 0.666015625 0.577566246875 0.634765625 0.5332383609375 0.6201171890625 0.4719615828125 0.5917968765625 0.49673304687500003
0 0.333984375 0.7861680515625 0.3359374984375 0.8617862015625001 0.40625 0.8748238140625 0.4599609375 0.8474448296875 0.4648437484375 0.8174583203125 0.4228515640625 0.8187620828125001 0.40625 0.788775571875 0.4023437484375 0.7235875109375 0.3740234359375 0.7170687015625 0.3613281234375 0.7627003453125 0.333984375 0.7861680515625
0 0.1650390625 0.771826675 0.1367187484375 0.8174583203125 0.1552734359375 0.8291921703125 0.1484374984375 0.809635753125 0.1630859375 0.7979019015625 0.1757812515625 0.8226733656249999 0.1630859375 0.8135470359375001 0.1591796875 0.8370147375 0.1367187484375 0.8383185 0.1455078109375 0.855267396875 0.1748046875 0.8396222625 0.1904296875 0.8630899640624999 0.2578125015625 0.8643937265625 0.2675781234375 0.8591786796875001 0.2578125015625 0.7653078718749999 0.2363281234375 0.6844746703125 0.2177734359375 0.6727408203125 0.1953125015625 0.7027273296875001 0.1914062515625 0.7913830921875 0.1728515640625 0.79268685625 0.1650390625 0.771826675
0 0.12304687656249999 0.79399061875 0.1796874984375 0.7470552109375 0.1601562515625 0.74966273125 0.1679687484375 0.67143705625 0.1318359375 0.5840850515625 0.07617187656249999 0.65839944375 0.072265625 0.6896897171874999 0.072265625 0.775737959375 0.12304687656249999 0.79399061875
0 0.2255859375 0.67013329375 0.255859375 0.707942371875 0.306640625 0.7001198046875 0.3085937484375 0.5358458859375 0.2431640625 0.5162894640625 0.1845703125 0.5371496437500001 0.181640625 0.5671361546875 0.1992187484375 0.577566246875 0.1953125015625 0.6922972374999999 0.2255859375 0.67013329375
0 0.474609375 0.642754309375 0.4863281234375 0.6688295359375 0.4912109375 0.607552753125 0.474609375 0.642754309375
0 0.46875 0.6662220109375 0.458984375 0.653184396875 0.46875 0.5958189015625 0.4980468765625 0.5384534078125001 0.4853515640625 0.49542928281250004 0.4609374984375 0.5123781796875 0.4453125015625 0.6375392625 0.4482421890625 0.664918253125 0.46875 0.6662220109375
0 0.5605468765625 0.564528634375 0.572265625 0.5384534078125001 0.5458984359375 0.51368194375 0.541015625 0.5514910203125 0.5605468765625 0.564528634375