0 0.500000 0.802083 0.105469 0.395833
0 0.420898 0.828125 0.080078 0.343750
0 0.318359 0.831597 0.085938 0.336806
0 0.208984 0.834201 0.093750 0.328125
0 0.241211 0.819444 0.056641 0.354167
0 0.093750 0.791667 0.074219 0.187500
0 0.136719 0.872396 0.054688 0.230903
0 0.803711 0.826389 0.185547 0.347222
0 0.617188 0.849826 0.082031 0.296875
0 0.944336 0.869792 0.064453 0.260417
0 0.966797 0.887153 0.050781 0.225694
0 0.702148 0.857639 0.060547 0.284722
0 0.660156 0.811632 0.058594 0.296875
0 0.568359 0.882812 0.039062 0.230903
