0 0.226562 0.534982 0.121094 0.232728
0 0.327148 0.537178 0.115234 0.196136
0 0.406250 0.480826 0.011719 0.007319
0 0.385742 0.532055 0.009766 0.021956
0 0.412109 0.533519 0.031250 0.048302
0 0.455078 0.552547 0.062500 0.156616
0 0.402344 0.553279 0.046875 0.158080
0 0.512695 0.488144 0.064453 0.273712
0 0.540039 0.378367 0.009766 0.019028
0 0.558594 0.431060 0.039062 0.194672
0 0.433594 0.434719 0.046875 0.155152
0 0.519531 0.596458 0.015625 0.021956
0 0.533203 0.534251 0.046875 0.096604
0 0.346680 0.592067 0.037109 0.054157
0 0.353516 0.513759 0.035156 0.102459
